%%MatrixMarket matrix coordinate real general
%
19621 19621 153920
1 2 0.9701425001453319
1 19519 1
2 1 0.9701425001453319
2 19519 1
3 4 0.9701425001453319
3 19253 1
4 3 0.9701425001453319
4 19253 1
5 6 0.9629629629629629
5 7 0.9259259259259259
5 19612 1
6 5 0.9629629629629629
6 7 0.9629629629629629
6 19612 1
7 5 0.9259259259259259
7 6 0.9629629629629629
7 19612 1
8 9 0.9523809523809523
8 19280 1
9 8 0.9523809523809523
9 19280 1
10 11 0.9515025711248197
10 12 0.9880235200593538
10 13 0.9759000729485331
10 14 1
10 19280 1
11 10 0.9515025711248197
11 12 0.9630363567333499
11 13 0.9749999999999999
11 14 0.9515025711248197
11 19280 1
12 10 0.9880235200593538
12 11 0.9630363567333499
12 13 0.9877295966495896
12 14 0.9880235200593538
12 19280 1
13 10 0.9759000729485331
13 11 0.9749999999999999
13 12 0.9877295966495896
13 14 0.9759000729485331
13 19280 1
14 10 1
14 11 0.9515025711248197
14 12 0.9880235200593538
14 13 0.9759000729485331
14 19280 1
15 16 0.9682458365518541
15 17 0.9333333333333332
15 18 0.9682458365518541
15 19612 1
16 15 0.9682458365518541
16 17 0.9036961141150639
16 18 0.9375
16 19612 1
17 15 0.9333333333333332
17 16 0.9036961141150639
17 18 0.9682458365518541
17 19612 1
18 15 0.9682458365518541
18 16 0.9375
18 17 0.9682458365518541
18 19612 1
19 20 0.9831920802501751
19 19280 1
20 19 0.9831920802501751
20 19280 1
21 22 0.9780192938436515
21 19612 1
22 21 0.9780192938436515
22 19612 1
23 24 0.9622504486493763
23 25 0.9805806756909201
23 26 0.9622504486493763
23 27 0.9237604307034012
23 28 0.9622504486493763
23 19280 1
24 23 0.9622504486493763
24 25 0.9813067629253164
24 26 1
24 27 0.9629629629629629
24 28 1
24 19280 1
25 23 0.9805806756909201
25 24 0.9813067629253164
25 26 0.9813067629253164
25 27 0.9435641951204965
25 28 0.9813067629253164
25 19280 1
26 23 0.9622504486493763
26 24 1
26 25 0.9813067629253164
26 27 0.9629629629629629
26 28 1
26 19280 1
27 23 0.9237604307034012
27 24 0.9629629629629629
27 25 0.9435641951204965
27 26 0.9629629629629629
27 28 0.9629629629629629
27 19280 1
28 23 0.9622504486493763
28 24 1
28 25 0.9813067629253164
28 26 1
28 27 0.9629629629629629
28 19280 1
29 30 0.9746794344808964
29 31 1
29 19247 1
30 29 0.9746794344808964
30 31 0.9746794344808964
30 19247 1
31 29 1
31 30 0.9746794344808964
31 19247 1
32 33 0.9128709291752769
32 34 0.9354143466934854
32 35 0.8897565210026093
32 36 0.9789450103725611
32 37 0.9574271077563381
32 19247 1
33 32 0.9128709291752769
33 34 0.9759000729485332
33 35 0.9746794344808963
33 36 0.9325048082403138
33 37 0.9534625892455921
33 19247 1
34 32 0.9354143466934854
34 33 0.9759000729485332
34 35 0.9511897312113418
34 36 0.9555330859059092
34 37 0.9770084209183943
34 19247 1
35 32 0.8897565210026093
35 33 0.9746794344808963
35 34 0.9511897312113418
35 36 0.9088932591463857
35 37 0.9293203772845849
35 19247 1
36 32 0.9789450103725611
36 33 0.9325048082403138
36 34 0.9555330859059092
36 35 0.9088932591463857
36 37 0.9780192938436515
36 19247 1
37 32 0.9574271077563381
37 33 0.9534625892455921
37 34 0.9770084209183943
37 35 0.9293203772845849
37 36 0.9780192938436515
37 19247 1
38 39 0.9807232952358079
38 40 0.9165151389911681
38 19310 1
39 38 0.9807232952358079
39 40 0.9770084209183943
39 19310 1
40 38 0.9165151389911681
40 39 0.9770084209183943
40 19310 1
41 42 0.9611200169123426
41 43 0.9870962335856491
41 19460 1
42 41 0.9611200169123426
42 43 0.9736842105263159
42 19460 1
43 41 0.9870962335856491
43 42 0.9736842105263159
43 19460 1
44 45 0.9782608695652174
44 19460 1
45 44 0.9782608695652174
45 19460 1
46 47 0.7071067811865475
46 48 0.8164965809277259
46 19543 1
47 46 0.7071067811865475
47 48 0.5773502691896258
47 19543 1
48 46 0.8164965809277259
48 47 0.5773502691896258
48 19543 1
49 50 0.9863939238321437
49 19247 1
50 49 0.9863939238321437
50 19247 1
51 52 0.9703445921171406
51 53 0.990353802231693
51 19310 1
52 51 0.9703445921171406
52 53 0.9797958971132713
52 19310 1
53 51 0.990353802231693
53 52 0.9797958971132713
53 19310 1
54 55 0.9636241116594316
54 19393 1
55 54 0.9636241116594316
55 19393 1
56 57 0.9258200997725514
56 19549 1
57 56 0.9258200997725514
57 19549 1
58 59 0.9327731715018847
58 60 0.9937723054641273
58 61 0.987096233585649
58 62 0.9481319085756892
58 63 0.9933992677987827
58 64 0.9933992677987827
58 65 0.9734198633893636
58 66 0.9411965741088038
58 67 0.9192547197409877
58 19460 1
59 58 0.9327731715018847
59 60 0.9370858500979694
59 61 0.9607689228305228
59 62 0.9874569484647041
59 63 0.9389710680668849
59 64 0.9389710680668849
59 65 0.9726940082233639
59 66 0.993848322297969
59 67 0.9861111111111113
59 19460 1
60 58 0.9937723054641273
60 59 0.9370858500979694
60 61 0.9809488997653673
60 62 0.9406359312818591
60 63 0.9866717421516455
60 64 0.9866717421516455
60 65 0.9657239582865691
60 66 0.933199621106526
60 67 0.9230994941263579
60 19460 1
61 58 0.987096233585649
61 59 0.9607689228305228
61 60 0.9809488997653673
61 62 0.9743589743589742
61 63 0.9936550847001322
61 64 0.9936550847001322
61 65 0.9871839871737306
61 66 0.9677620764234545
61 67 0.9474249100134323
61 19460 1
62 58 0.9481319085756892
62 59 0.9874569484647041
62 60 0.9406359312818591
62 61 0.9743589743589742
62 63 0.9544318576724954
62 64 0.9544318576724954
62 65 0.9871839871737306
62 66 0.99356906512808
62 67 0.9741129356476135
62 19460 1
63 58 0.9933992677987827
63 59 0.9389710680668849
63 60 0.9866717421516455
63 61 0.9936550847001322
63 62 0.9544318576724954
63 64 0.9999999999999998
63 65 0.9798878406124754
63 66 0.9474504407420671
63 67 0.9253627917180894
63 19460 1
64 58 0.9933992677987827
64 59 0.9389710680668849
64 60 0.9866717421516455
64 61 0.9936550847001322
64 62 0.9544318576724954
64 63 0.9999999999999998
64 65 0.9798878406124754
64 66 0.9474504407420671
64 67 0.9253627917180894
64 19460 1
65 58 0.9734198633893636
65 59 0.9726940082233639
65 60 0.9657239582865691
65 61 0.9871839871737306
65 62 0.9871839871737306
65 63 0.9798878406124754
65 64 0.9798878406124754
65 66 0.9803259463254866
65 67 0.9589940926145842
65 19460 1
66 58 0.9411965741088038
66 59 0.993848322297969
66 60 0.933199621106526
66 61 0.9677620764234545
66 62 0.99356906512808
66 63 0.9474504407420671
66 64 0.9474504407420671
66 65 0.9803259463254866
66 67 0.9804179395642126
66 19460 1
67 58 0.9192547197409877
67 59 0.9861111111111113
67 60 0.9230994941263579
67 61 0.9474249100134323
67 62 0.9741129356476135
67 63 0.9253627917180894
67 64 0.9253627917180894
67 65 0.9589940926145842
67 66 0.9804179395642126
67 19460 1
68 69 0.9851380077988758
68 70 0.9457324874869207
68 19393 1
69 68 0.9851380077988758
69 70 0.9565217391304349
69 19393 1
70 68 0.9457324874869207
70 69 0.9565217391304349
70 19393 1
71 72 0.9718253158075502
71 19608 1
72 71 0.9718253158075502
72 19608 1
73 74 0.9913144821476803
73 75 0.9807849420561588
73 76 0.970142500145332
73 19396 1
74 73 0.9913144821476803
74 75 0.9905211130872973
74 76 0.9809506363438459
74 19396 1
75 73 0.9807849420561588
75 74 0.9905211130872973
75 76 0.9903379376602871
75 19396 1
76 73 0.970142500145332
76 74 0.9809506363438459
76 75 0.9903379376602871
76 19396 1
77 78 1
77 19384 1
78 77 1
78 19384 1
79 80 0.9999999999999998
79 81 0.9999999999999998
79 82 0.9999999999999998
79 83 0.9999999999999998
79 19337 1
80 79 0.9999999999999998
80 81 0.9999999999999998
80 82 0.9999999999999998
80 83 0.9999999999999998
80 19337 1
81 79 0.9999999999999998
81 80 0.9999999999999998
81 82 0.9999999999999998
81 83 0.9999999999999998
81 19337 1
82 79 0.9999999999999998
82 80 0.9999999999999998
82 81 0.9999999999999998
82 83 0.9999999999999998
82 19337 1
83 79 0.9999999999999998
83 80 0.9999999999999998
83 81 0.9999999999999998
83 82 0.9999999999999998
83 19337 1
84 85 0.9761870601839528
84 19509 1
85 84 0.9761870601839528
85 19509 1
86 87 0.9729729729729731
86 19446 1
87 86 0.9729729729729731
87 19446 1
88 89 0.9655172413793105
88 19507 1
89 88 0.9655172413793105
89 19507 1
90 91 0.9411764705882353
90 19509 1
91 90 0.9411764705882353
91 19509 1
92 93 0.8749999999999998
92 94 0.8017837257372731
92 19384 1
93 92 0.8749999999999998
93 94 0.9354143466934852
93 19384 1
94 92 0.8017837257372731
94 93 0.9354143466934852
94 19384 1
95 96 0.9883324222148014
95 19544 1
96 95 0.9883324222148014
96 19544 1
97 98 0.9687499999999998
97 19507 1
98 97 0.9687499999999998
98 19507 1
99 100 0.8999999999999998
99 101 0.5976143046671968
99 102 0.4242640687119285
99 103 0.1825741858350554
99 104 0.9534625892455924
99 105 0.3162277660168379
99 106 0.5163977794943223
99 107 0.6708203932499369
99 108 0.158113883008419
99 109 0.7999999999999998
99 110 0.8999999999999998
99 111 0.7378647873726218
99 19257 1
100 99 0.8999999999999998
100 101 0.5976143046671968
100 102 0.4242640687119285
100 103 0.1825741858350554
100 104 0.8581163303210331
100 105 0.3162277660168379
100 106 0.5163977794943223
100 107 0.6708203932499369
100 108 0.158113883008419
100 109 0.7999999999999998
100 110 0.8999999999999998
100 111 0.7378647873726218
100 19257 1
101 99 0.5976143046671968
101 100 0.5976143046671968
101 102 0.8451542547285165
101 103 0.6546536707079772
101 104 0.5698028822981898
101 105 0.7559289460184544
101 106 0.9258200997725514
101 107 0.9354143466934852
101 108 0.5669467095138409
101 109 0.8366600265340756
101 110 0.7171371656006361
101 111 0.8819171036881969
101 19257 1
102 99 0.4242640687119285
102 100 0.4242640687119285
102 101 0.8451542547285165
102 103 0.7745966692414834
102 104 0.4045199174779452
102 105 0.8944271909999159
102 106 0.9128709291752769
102 107 0.7905694150420948
102 108 0.6708203932499369
102 109 0.7071067811865475
102 110 0.5656854249492379
102 111 0.7453559924999299
102 19257 1
103 99 0.1825741858350554
103 100 0.1825741858350554
103 101 0.6546536707079772
103 102 0.7745966692414834
103 104 0.1740776559556979
103 105 0.8660254037844387
103 106 0.7071067811865476
103 107 0.6123724356957945
103 108 0.8660254037844387
103 109 0.5477225575051661
103 110 0.3651483716701107
103 111 0.5773502691896257
103 19257 1
104 99 0.9534625892455924
104 100 0.8581163303210331
104 101 0.5698028822981898
104 102 0.4045199174779452
104 103 0.1740776559556979
104 105 0.3015113445777636
104 106 0.492365963917331
104 107 0.6396021490668313
104 108 0.1507556722888818
104 109 0.7627700713964739
104 110 0.8581163303210331
104 111 0.7035264706814485
104 19257 1
105 99 0.3162277660168379
105 100 0.3162277660168379
105 101 0.7559289460184544
105 102 0.8944271909999159
105 103 0.8660254037844387
105 104 0.3015113445777636
105 106 0.8164965809277261
105 107 0.7071067811865475
105 108 0.75
105 109 0.6324555320336759
105 110 0.4743416490252569
105 111 0.6666666666666666
105 19257 1
106 99 0.5163977794943223
106 100 0.5163977794943223
106 101 0.9258200997725514
106 102 0.9128709291752769
106 103 0.7071067811865476
106 104 0.492365963917331
106 105 0.8164965809277261
106 107 0.8660254037844387
106 108 0.6123724356957946
106 109 0.7745966692414834
106 110 0.6454972243679029
106 111 0.8164965809277261
106 19257 1
107 99 0.6708203932499369
107 100 0.6708203932499369
107 101 0.9354143466934852
107 102 0.7905694150420948
107 103 0.6123724356957945
107 104 0.6396021490668313
107 105 0.7071067811865475
107 106 0.8660254037844387
107 108 0.5303300858899106
107 109 0.8944271909999159
107 110 0.7826237921249264
107 111 0.9428090415820632
107 19257 1
108 99 0.158113883008419
108 100 0.158113883008419
108 101 0.5669467095138409
108 102 0.6708203932499369
108 103 0.8660254037844387
108 104 0.1507556722888818
108 105 0.75
108 106 0.6123724356957946
108 107 0.5303300858899106
108 109 0.4743416490252569
108 110 0.3162277660168379
108 111 0.5
108 19257 1
109 99 0.7999999999999998
109 100 0.7999999999999998
109 101 0.8366600265340756
109 102 0.7071067811865475
109 103 0.5477225575051661
109 104 0.7627700713964739
109 105 0.6324555320336759
109 106 0.7745966692414834
109 107 0.8944271909999159
109 108 0.4743416490252569
109 110 0.8999999999999998
109 111 0.9486832980505138
109 19257 1
110 99 0.8999999999999998
110 100 0.8999999999999998
110 101 0.7171371656006361
110 102 0.5656854249492379
110 103 0.3651483716701107
110 104 0.8581163303210331
110 105 0.4743416490252569
110 106 0.6454972243679029
110 107 0.7826237921249264
110 108 0.3162277660168379
110 109 0.8999999999999998
110 111 0.8432740427115678
110 19257 1
111 99 0.7378647873726218
111 100 0.7378647873726218
111 101 0.8819171036881969
111 102 0.7453559924999299
111 103 0.5773502691896257
111 104 0.7035264706814485
111 105 0.6666666666666666
111 106 0.8164965809277261
111 107 0.9428090415820632
111 108 0.5
111 109 0.9486832980505138
111 110 0.8432740427115678
111 19257 1
112 113 0.9534625892455921
112 19460 1
113 112 0.9534625892455921
113 19460 1
114 115 0.9759000729485332
114 19535 1
115 114 0.9759000729485332
115 19535 1
116 117 0.8823529411764706
116 118 0.9411764705882353
116 19507 1
117 116 0.8823529411764706
117 118 0.9411764705882353
117 19507 1
118 116 0.9411764705882353
118 117 0.9411764705882353
118 19507 1
119 120 0.9230769230769232
119 19509 1
120 119 0.9230769230769232
120 19509 1
121 122 0.9714285714285714
121 123 0.9566222088265397
121 124 0.9276336570439173
121 19505 1
122 121 0.9714285714285714
122 123 0.9856107606091622
122 124 0.9566222088265397
122 19505 1
123 121 0.9566222088265397
123 122 0.9856107606091622
123 124 0.9705882352941176
123 19505 1
124 121 0.9276336570439173
124 122 0.9566222088265397
124 123 0.9705882352941176
124 19505 1
125 126 0.9772727272727273
125 19310 1
126 125 0.9772727272727273
126 19310 1
127 128 0.9636241116594316
127 19524 1
128 127 0.9636241116594316
128 19524 1
129 130 0.9780192938436515
129 131 0.9100315103865803
129 132 0.7826086956521741
129 133 0.9555330859059092
129 134 0.8446530265013354
129 19505 1
130 129 0.9780192938436515
130 131 0.9304842103984708
130 132 0.8001976040538967
130 133 0.9770084209183943
130 134 0.8636363636363636
130 19505 1
131 129 0.9100315103865803
131 130 0.9304842103984708
131 132 0.8645299348672513
131 133 0.9523809523809523
131 134 0.9304842103984708
131 19505 1
132 129 0.7826086956521741
132 130 0.8001976040538967
132 131 0.8645299348672513
132 133 0.8190283593479223
132 134 0.9335638713962128
132 19505 1
133 129 0.9555330859059092
133 130 0.9770084209183943
133 131 0.9523809523809523
133 132 0.8190283593479223
133 134 0.8839599998785473
133 19505 1
134 129 0.8446530265013354
134 130 0.8636363636363636
134 131 0.9304842103984708
134 132 0.9335638713962128
134 133 0.8839599998785473
134 19505 1
135 136 0.9714285714285714
135 19564 1
136 135 0.9714285714285714
136 19564 1
137 138 0.9499999999999998
137 19524 1
138 137 0.9499999999999998
138 19524 1
139 140 0.9677419354838711
139 19310 1
140 139 0.9677419354838711
140 19310 1
141 142 0.9696969696969697
141 19332 1
142 141 0.9696969696969697
142 19332 1
143 144 0.9346202568200738
143 145 0.9906974722292782
143 146 0.9718253158075499
143 147 0.9467292624062573
143 148 0.9533126619564752
143 149 0.9174698042719671
143 150 0.9813067629253164
143 151 0.9642166793381064
143 152 0.9906974722292782
143 153 0.9274260335029676
143 19384 1
144 143 0.9346202568200738
144 145 0.9245283018867925
144 146 0.9617163101410254
144 147 0.8687444855261386
144 148 0.9811320754716981
144 149 0.9816498172140429
144 150 0.9524241471993242
144 151 0.890439019054776
144 152 0.9433962264150944
144 153 0.9912011825893757
144 19384 1
145 143 0.9906974722292782
145 144 0.9245283018867925
145 146 0.9617163101410254
145 147 0.9556189340787525
145 148 0.9433962264150944
145 149 0.9075630385563792
145 150 0.9714726301433108
145 151 0.9732705557110342
145 152 0.9811320754716981
145 153 0.9177788727679405
145 19384 1
146 143 0.9718253158075499
146 144 0.9617163101410254
146 145 0.9617163101410254
146 147 0.9077552576785975
146 148 0.9809506363438459
146 149 0.9440686400617012
146 150 0.9903379376602871
146 151 0.9288407280256479
146 152 0.9809506363438459
146 153 0.9543135154205277
146 19384 1
147 143 0.9467292624062573
147 144 0.8687444855261386
147 145 0.9556189340787525
147 146 0.9077552576785975
147 148 0.8904630976642921
147 149 0.8528028654224417
147 150 0.9209109202723808
147 151 0.9772991539767322
147 152 0.933900321940599
147 153 0.8662831110967295
147 19384 1
148 143 0.9533126619564752
148 144 0.9811320754716981
148 145 0.9433962264150944
148 146 0.9809506363438459
148 147 0.8904630976642921
148 149 0.963128122549627
148 150 0.9714726301433108
148 151 0.9111469032188405
148 152 0.9622641509433962
148 153 0.9728456051340169
148 19384 1
149 143 0.9174698042719671
149 144 0.9816498172140429
149 145 0.9075630385563792
149 146 0.9440686400617012
149 147 0.8528028654224417
149 148 0.963128122549627
149 150 0.9349469900084573
149 151 0.8740993002953723
149 152 0.9260847332207951
149 153 0.9910312089651149
149 19384 1
150 143 0.9813067629253164
150 144 0.9524241471993242
150 145 0.9714726301433108
150 146 0.9903379376602871
150 147 0.9209109202723808
150 148 0.9714726301433108
150 149 0.9349469900084573
150 151 0.9407722612579772
150 152 0.9905211130872973
150 153 0.9450928787429042
150 19384 1
151 143 0.9642166793381064
151 144 0.890439019054776
151 145 0.9732705557110342
151 146 0.9288407280256479
151 147 0.9772991539767322
151 148 0.9111469032188405
151 149 0.8740993002953723
151 150 0.9407722612579772
151 152 0.9525626715469696
151 153 0.8864052604279183
151 19384 1
152 143 0.9906974722292782
152 144 0.9433962264150944
152 145 0.9811320754716981
152 146 0.9809506363438459
152 147 0.933900321940599
152 148 0.9622641509433962
152 149 0.9260847332207951
152 150 0.9905211130872973
152 151 0.9525626715469696
152 153 0.9361344502232992
152 19384 1
153 143 0.9274260335029676
153 144 0.9912011825893757
153 145 0.9177788727679405
153 146 0.9543135154205277
153 147 0.8662831110967295
153 148 0.9728456051340169
153 149 0.9910312089651149
153 150 0.9450928787429042
153 151 0.8864052604279183
153 152 0.9361344502232992
153 19384 1
154 155 0.9863939238321437
154 19310 1
155 154 0.9863939238321437
155 19310 1
156 157 0.9534625892455924
156 19310 1
157 156 0.9534625892455924
157 19310 1
158 159 0.8488746876271654
158 160 0.9682458365518541
158 161 0.9375
158 19505 1
159 158 0.8488746876271654
159 160 0.8767140075192092
159 161 0.7882407813680822
159 19505 1
160 158 0.9682458365518541
160 159 0.8767140075192092
160 161 0.9036961141150639
160 19505 1
161 158 0.9375
161 159 0.7882407813680822
161 160 0.9036961141150639
161 19505 1
162 163 0.9750168689498874
162 19494 1
163 162 0.9750168689498874
163 19494 1
164 165 0.9677419354838711
164 19466 1
165 164 0.9677419354838711
165 19466 1
166 167 0.9192547197409877
166 168 0.9473684210526314
166 169 0.9011271137791659
166 170 0.8314971796756813
166 171 0.85106449634699
166 172 0.9233805168766386
166 173 0.9473684210526314
166 19310 1
167 166 0.9192547197409877
167 168 0.8651809126974003
167 169 0.8229511997978236
167 170 0.753778361444409
167 171 0.7715167498104597
167 172 0.8432740427115678
167 173 0.9733285267845753
167 19310 1
168 166 0.9473684210526314
168 167 0.8651809126974003
168 169 0.9511897312113418
168 170 0.8804087784801331
168 171 0.9011271137791659
168 172 0.9746794344808963
168 173 0.8947368421052629
168 19310 1
169 166 0.9011271137791659
169 167 0.8229511997978236
169 168 0.9511897312113418
169 170 0.9304842103984708
169 171 0.9523809523809523
169 172 0.9759000729485332
169 173 0.85106449634699
169 19310 1
170 166 0.8314971796756813
170 167 0.753778361444409
170 168 0.8804087784801331
170 169 0.9304842103984708
170 171 0.9770084209183943
170 172 0.9057894597833126
170 173 0.7825855808712294
170 19310 1
171 166 0.85106449634699
171 167 0.7715167498104597
171 168 0.9011271137791659
171 169 0.9523809523809523
171 170 0.9770084209183943
171 172 0.9271050693011066
171 173 0.8010018789148141
171 19310 1
172 166 0.9233805168766386
172 167 0.8432740427115678
172 168 0.9746794344808963
172 169 0.9759000729485332
172 170 0.9057894597833126
172 171 0.9271050693011066
172 173 0.8720815992723809
172 19310 1
173 166 0.9473684210526314
173 167 0.9733285267845753
173 168 0.8947368421052629
173 169 0.85106449634699
173 170 0.7825855808712294
173 171 0.8010018789148141
173 172 0.8720815992723809
173 19310 1
174 175 0.9770084209183943
174 19404 1
175 174 0.9770084209183943
175 19404 1
176 177 0.9677419354838711
176 178 1
176 19466 1
177 176 0.9677419354838711
177 178 0.9677419354838711
177 19466 1
178 176 1
178 177 0.9677419354838711
178 19466 1
179 180 0.9860132971832692
179 19404 1
180 179 0.9860132971832692
180 19404 1
181 182 0.9826073688810351
181 183 0.9655172413793105
181 184 0.9649012813540154
181 185 0.9291641968594222
181 19310 1
182 181 0.9826073688810351
182 183 0.9826073688810351
182 184 0.9819805060619657
182 185 0.9456108576893003
182 19310 1
183 181 0.9655172413793105
183 182 0.9826073688810351
183 184 0.9649012813540154
183 185 0.9291641968594222
183 19310 1
184 181 0.9649012813540154
184 182 0.9819805060619657
184 183 0.9649012813540154
184 185 0.9629629629629629
184 19310 1
185 181 0.9291641968594222
185 182 0.9456108576893003
185 183 0.9291641968594222
185 184 0.9629629629629629
185 19310 1
186 187 0.9718253158075502
186 19404 1
187 186 0.9718253158075502
187 19404 1
188 189 0.9090909090909091
188 190 0.9545454545454546
188 191 0.9545454545454546
188 19404 1
189 188 0.9090909090909091
189 190 0.9545454545454546
189 191 0.8636363636363636
189 19404 1
190 188 0.9545454545454546
190 189 0.9545454545454546
190 191 0.9090909090909091
190 19404 1
191 188 0.9545454545454546
191 189 0.8636363636363636
191 190 0.9090909090909091
191 19404 1
192 193 0.9843091327750998
192 19310 1
193 192 0.9843091327750998
193 19310 1
194 195 0.9574271077563381
194 19495 1
195 194 0.9574271077563381
195 19495 1
196 197 0.9787234042553191
196 198 0.9787234042553191
196 19310 1
197 196 0.9787234042553191
197 198 0.9574468085106383
197 19310 1
198 196 0.9787234042553191
198 197 0.9574468085106383
198 19310 1
199 200 0.9660917830792959
199 19495 1
200 199 0.9660917830792959
200 19495 1
201 202 0.9847982464479191
201 19438 1
202 201 0.9847982464479191
202 19438 1
203 204 0.9772545497599155
203 205 0.9258200997725516
203 19466 1
204 203 0.9772545497599155
204 205 0.9523809523809523
204 19466 1
205 203 0.9258200997725516
205 204 0.9523809523809523
205 19466 1
206 207 0.9165151389911681
206 208 0.9591663046625439
206 19233 1
207 206 0.9165151389911681
207 208 0.9555330859059092
207 19233 1
208 206 0.9591663046625439
208 207 0.9555330859059092
208 19233 1
209 210 0.9621023987294832
209 211 0.9874208829065748
209 212 0.9367839145523915
209 19310 1
210 209 0.9621023987294832
210 211 0.9749999999999999
210 212 0.9749999999999999
210 19310 1
211 209 0.9874208829065748
211 210 0.9749999999999999
211 212 0.9499999999999998
211 19310 1
212 209 0.9367839145523915
212 210 0.9749999999999999
212 211 0.9499999999999998
212 19310 1
213 214 0.9705882352941176
213 19404 1
214 213 0.9705882352941176
214 19404 1
215 216 0.9780192938436515
215 19310 1
216 215 0.9780192938436515
216 19310 1
217 218 0.8574929257125442
217 219 0.985184366143778
217 220 0.9701425001453319
217 221 0.9235481451827989
217 222 0.9548637106322311
217 223 0.8231932086840424
217 224 0.879191640756707
217 225 0.9393364366277241
217 226 0.9074852129730301
217 227 0.8932596002688613
217 19403 1
218 217 0.8574929257125442
218 219 0.8703882797784892
218 220 0.8838834764831843
218 221 0.9284766908852593
218 222 0.8980265101338746
218 223 0.96
218 224 0.9899494936611665
218 225 0.9128709291752768
218 226 0.944911182523068
218 227 0.9698686309445845
218 19403 1
219 217 0.985184366143778
219 218 0.8703882797784892
219 220 0.9847319278346618
219 221 0.9374368665610922
219 222 0.9692233691951199
219 223 0.8355727485873496
219 224 0.8924133096001623
219 225 0.9534625892455922
219 226 0.9211323729436766
219 227 0.9066928292470475
219 19403 1
220 217 0.9701425001453319
220 218 0.8838834764831843
220 219 0.9847319278346618
220 221 0.9519716382329885
220 222 0.9842509842514764
220 223 0.848528137423857
220 224 0.9062499999999998
220 225 0.9682458365518541
220 226 0.9354143466934852
220 227 0.9207509207513811
220 19403 1
221 217 0.9235481451827989
221 218 0.9284766908852593
221 219 0.9374368665610922
221 220 0.9519716382329885
221 222 0.9672041516493517
221 223 0.891337623249849
221 224 0.9519716382329885
221 225 0.9831920802501751
221 226 0.9826073688810351
221 227 0.9672041516493517
221 19403 1
222 217 0.9548637106322311
222 218 0.8980265101338746
222 219 0.9692233691951199
222 220 0.9842509842514764
222 221 0.9672041516493517
222 223 0.8621054497285195
222 224 0.9207509207513811
222 225 0.9837387536759296
222 226 0.9503819266229829
222 227 0.935483870967742
222 19403 1
223 217 0.8231932086840424
223 218 0.96
223 219 0.8355727485873496
223 220 0.848528137423857
223 221 0.891337623249849
223 222 0.8621054497285195
223 224 0.9545941546018392
223 225 0.8763560920082657
223 226 0.9071147352221454
223 227 0.9339475705392295
223 19403 1
224 217 0.879191640756707
224 218 0.9899494936611665
224 219 0.8924133096001623
224 220 0.9062499999999998
224 221 0.9519716382329885
224 222 0.9207509207513811
224 223 0.9545941546018392
224 225 0.9359709753334591
224 226 0.9688220019325383
224 227 0.9842509842514764
224 19403 1
225 217 0.9393364366277241
225 218 0.9128709291752768
225 219 0.9534625892455922
225 220 0.9682458365518541
225 221 0.9831920802501751
225 222 0.9837387536759296
225 223 0.8763560920082657
225 224 0.9359709753334591
225 226 0.9660917830792958
225 227 0.9509474618867318
225 19403 1
226 217 0.9074852129730301
226 218 0.944911182523068
226 219 0.9211323729436766
226 220 0.9354143466934852
226 221 0.9826073688810351
226 222 0.9503819266229829
226 223 0.9071147352221454
226 224 0.9688220019325383
226 225 0.9660917830792958
226 227 0.9843241382880895
226 19403 1
227 217 0.8932596002688613
227 218 0.9698686309445845
227 219 0.9066928292470475
227 220 0.9207509207513811
227 221 0.9672041516493517
227 222 0.935483870967742
227 223 0.9339475705392295
227 224 0.9842509842514764
227 225 0.9509474618867318
227 226 0.9843241382880895
227 19403 1
228 229 0.9672428592429585
228 230 0.9908256880733943
228 231 0.9954022744967957
228 232 0.9614682233982728
228 233 0.981858755332335
228 234 0.9863116523508019
228 235 0.9848350167963239
228 236 0.9786308744936295
228 237 0.9911956865779551
228 238 0.9865610737777859
228 19383 1
229 228 0.9672428592429585
229 230 0.9567293499033611
229 231 0.971710517470866
229 232 0.994029797388005
229 233 0.9480709876553435
229 234 0.9523706513812084
229 235 0.988974004561079
229 236 0.9956032204929035
229 237 0.9720537355260199
229 238 0.9769019139082441
229 19383 1
230 228 0.9908256880733943
230 229 0.9567293499033611
230 231 0.9861855867699736
230 232 0.9510174818395959
230 233 0.9909500401039307
230 234 0.9954441676503464
230 235 0.974682078478836
230 236 0.968644845162062
230 237 0.9816649588223979
230 238 0.9769828109255744
230 19383 1
231 228 0.9954022744967957
231 229 0.971710517470866
231 230 0.9861855867699736
231 232 0.9659092088013584
231 233 0.977260646759624
231 234 0.9816926905710048
231 235 0.9893839325354025
231 236 0.9831511335337819
231 237 0.9957739820104718
231 238 0.9911179621088575
231 19383 1
232 228 0.9614682233982728
232 229 0.994029797388005
232 230 0.9510174818395959
232 231 0.9659092088013584
232 233 0.9424108117684868
232 234 0.9466848056307449
232 235 0.9830696293758531
232 236 0.989659267545406
232 237 0.966250377775183
232 238 0.9710696115501661
232 19383 1
233 228 0.981858755332335
233 229 0.9480709876553435
233 230 0.9909500401039307
233 231 0.977260646759624
233 232 0.9424108117684868
233 234 0.995485304256668
233 235 0.9658612447571853
233 236 0.9598786481598111
233 237 0.9727809303136788
233 238 0.968141155667549
233 19383 1
234 228 0.9863116523508019
234 229 0.9523706513812084
234 230 0.9954441676503464
234 231 0.9816926905710048
234 232 0.9466848056307449
234 233 0.995485304256668
234 235 0.9702415903350746
234 236 0.9642318616411474
234 237 0.9771926578464736
234 238 0.9725318410305042
234 19383 1
235 228 0.9848350167963239
235 229 0.988974004561079
235 230 0.974682078478836
235 231 0.9893839325354025
235 232 0.9830696293758531
235 233 0.9658612447571853
235 234 0.9702415903350746
235 236 0.9946117658307044
235 237 0.9914530734210694
235 238 0.9963980072059785
235 19383 1
236 228 0.9786308744936295
236 229 0.9956032204929035
236 230 0.968644845162062
236 231 0.9831511335337819
236 232 0.989659267545406
236 233 0.9598786481598111
236 234 0.9642318616411474
236 235 0.9946117658307044
236 237 0.9855280842377613
236 238 0.9904434667711052
236 19383 1
237 228 0.9911956865779551
237 229 0.9720537355260199
237 230 0.9816649588223979
237 231 0.9957739820104718
237 232 0.966250377775183
237 233 0.9727809303136788
237 234 0.9771926578464736
237 235 0.9914530734210694
237 236 0.9855280842377613
237 238 0.9950371902099892
237 19383 1
238 228 0.9865610737777859
238 229 0.9769019139082441
238 230 0.9769828109255744
238 231 0.9911179621088575
238 232 0.9710696115501661
238 233 0.968141155667549
238 234 0.9725318410305042
238 235 0.9963980072059785
238 236 0.9904434667711052
238 237 0.9950371902099892
238 19383 1
239 240 0.9369159781709221
239 241 0.9621404708847278
239 242 0.9888665950759702
239 19436 1
240 239 0.9369159781709221
240 241 0.9917210486310514
240 242 0.9686577684303292
240 19436 1
241 239 0.9621404708847278
241 240 0.9917210486310514
241 242 0.9749999999999999
241 19436 1
242 239 0.9888665950759702
242 240 0.9686577684303292
242 241 0.9749999999999999
242 19436 1
243 244 0.9869275424396534
243 19310 1
244 243 0.9869275424396534
244 19310 1
245 246 0.9375
245 247 0.9375
245 19436 1
246 245 0.9375
246 247 0.875
246 19436 1
247 245 0.9375
247 246 0.875
247 19436 1
248 249 0.9807232952358079
248 250 0.9380831519646858
248 19618 1
249 248 0.9807232952358079
249 250 0.9545454545454546
249 19618 1
250 248 0.9380831519646858
250 249 0.9545454545454546
250 19618 1
251 252 0.9333333333333333
251 253 0.8853648783083365
251 254 0.9666666666666667
251 19298 1
252 251 0.9333333333333333
252 253 0.9509474618867318
252 254 0.9666666666666667
252 19298 1
253 251 0.8853648783083365
253 252 0.9509474618867318
253 254 0.9181561700975343
253 19298 1
254 251 0.9666666666666667
254 252 0.9666666666666667
254 253 0.9181561700975343
254 19298 1
255 256 0.9285714285714286
255 19438 1
256 255 0.9285714285714286
256 19438 1
257 258 0.8894991799933215
257 259 0.9285714285714286
257 19310 1
258 257 0.8894991799933215
258 259 0.9636241116594316
258 19310 1
259 257 0.9285714285714286
259 258 0.9636241116594316
259 19310 1
260 261 0.9636241116594316
260 262 0.9285714285714286
260 263 0.8894991799933215
260 19436 1
261 260 0.9636241116594316
261 262 0.8894991799933215
261 263 0.9230769230769232
261 19436 1
262 260 0.9285714285714286
262 261 0.8894991799933215
262 263 0.8153742483272114
262 19436 1
263 260 0.8894991799933215
263 261 0.9230769230769232
263 262 0.8153742483272114
263 19436 1
264 265 0.944911182523068
264 266 0.9456108576893003
264 267 0.9456108576893003
264 268 0.9819805060619657
264 269 0.8894991799933214
264 270 0.9265616458263765
264 271 0.9071147352221454
264 272 0.9636241116594315
264 273 0.9636241116594315
264 274 0.9265616458263765
264 19298 1
265 264 0.944911182523068
265 266 0.8852704127574261
265 267 0.8852704127574261
265 268 0.9622504486493763
265 269 0.9413574486632833
265 270 0.8629109946080097
265 271 0.96
265 272 0.9805806756909201
265 273 0.9021342216356465
265 274 0.8629109946080097
265 19298 1
266 264 0.9456108576893003
266 265 0.8852704127574261
266 267 1
266 268 0.9259259259259259
266 269 0.830336491706037
266 270 0.9813067629253164
266 271 0.8467803948114511
266 272 0.9058216273156766
266 273 0.9813067629253164
266 274 0.9813067629253164
266 19298 1
267 264 0.9456108576893003
267 265 0.8852704127574261
267 266 1
267 268 0.9259259259259259
267 269 0.830336491706037
267 270 0.9813067629253164
267 271 0.8467803948114511
267 272 0.9058216273156766
267 273 0.9813067629253164
267 274 0.9813067629253164
267 19298 1
268 264 0.9819805060619657
268 265 0.9622504486493763
268 266 0.9259259259259259
268 267 0.9259259259259259
268 269 0.9058216273156766
268 270 0.9058216273156766
268 271 0.9237604307034012
268 272 0.9813067629253164
268 273 0.9435641951204965
268 274 0.9058216273156766
268 19298 1
269 264 0.8894991799933214
269 265 0.9413574486632833
269 266 0.830336491706037
269 267 0.830336491706037
269 268 0.9058216273156766
269 270 0.8076923076923078
269 271 0.9805806756909201
269 272 0.9230769230769232
269 273 0.8461538461538463
269 274 0.8076923076923078
269 19298 1
270 264 0.9265616458263765
270 265 0.8629109946080097
270 266 0.9813067629253164
270 267 0.9813067629253164
270 268 0.9058216273156766
270 269 0.8076923076923078
270 271 0.8236877675803729
270 272 0.8846153846153847
270 273 0.9615384615384617
270 274 1
270 19298 1
271 264 0.9071147352221454
271 265 0.96
271 266 0.8467803948114511
271 267 0.8467803948114511
271 268 0.9237604307034012
271 269 0.9805806756909201
271 270 0.8236877675803729
271 272 0.9413574486632833
271 273 0.8629109946080097
271 274 0.8236877675803729
271 19298 1
272 264 0.9636241116594315
272 265 0.9805806756909201
272 266 0.9058216273156766
272 267 0.9058216273156766
272 268 0.9813067629253164
272 269 0.9230769230769232
272 270 0.8846153846153847
272 271 0.9413574486632833
272 273 0.9230769230769232
272 274 0.8846153846153847
272 19298 1
273 264 0.9636241116594315
273 265 0.9021342216356465
273 266 0.9813067629253164
273 267 0.9813067629253164
273 268 0.9435641951204965
273 269 0.8461538461538463
273 270 0.9615384615384617
273 271 0.8629109946080097
273 272 0.9230769230769232
273 274 0.9615384615384617
273 19298 1
274 264 0.9265616458263765
274 265 0.8629109946080097
274 266 0.9813067629253164
274 267 0.9813067629253164
274 268 0.9058216273156766
274 269 0.8076923076923078
274 270 1
274 271 0.8236877675803729
274 272 0.8846153846153847
274 273 0.9615384615384617
274 19298 1
275 276 0.9413574486632833
275 277 0.9198662110077999
275 278 0.9805806756909201
275 279 0.8559209850218259
275 280 0.9198662110077999
275 19476 1
276 275 0.9413574486632833
276 277 0.9807232952358079
276 278 0.96
276 279 0.9165151389911681
276 280 0.9807232952358079
276 19476 1
277 275 0.9198662110077999
277 276 0.9807232952358079
277 278 0.9380831519646858
277 279 0.9770084209183943
277 280 1
277 19476 1
278 275 0.9805806756909201
278 276 0.96
278 277 0.9380831519646858
278 279 0.8728715609439696
278 280 0.9380831519646858
278 19476 1
279 275 0.8559209850218259
279 276 0.9165151389911681
279 277 0.9770084209183943
279 278 0.8728715609439696
279 280 0.9770084209183943
279 19476 1
280 275 0.9198662110077999
280 276 0.9807232952358079
280 277 1
280 278 0.9380831519646858
280 279 0.9770084209183943
280 19476 1
281 282 0.9660917830792958
281 283 0.9315885051121782
281 284 0.9642857142857142
281 285 0.9503819266229829
281 286 0.9164397149578765
281 19298 1
282 281 0.9660917830792958
282 283 0.9
282 284 0.9315885051121782
282 285 0.9181561700975343
282 286 0.8853648783083365
282 19298 1
283 281 0.9315885051121782
283 282 0.9
283 284 0.9660917830792958
283 285 0.9837387536759296
283 286 0.9837387536759296
283 19298 1
284 281 0.9642857142857142
284 282 0.9315885051121782
284 283 0.9660917830792958
284 285 0.9843241382880895
284 286 0.9503819266229829
284 19298 1
285 281 0.9503819266229829
285 282 0.9181561700975343
285 283 0.9837387536759296
285 284 0.9843241382880895
285 286 0.9677419354838711
285 19298 1
286 281 0.9164397149578765
286 282 0.8853648783083365
286 283 0.9837387536759296
286 284 0.9503819266229829
286 285 0.9677419354838711
286 19298 1
287 288 0.9499999999999998
287 19575 1
288 287 0.9499999999999998
288 19575 1
289 290 0.8131249357707346
289 291 0.7572401854185359
289 292 0.8987170342729172
289 293 0.8660254037844387
289 294 0.6508140266182865
289 295 0.7855844048495726
289 296 0.6172133998483678
289 297 0.9100315103865803
289 298 0.7280252083092642
289 299 0.8914849883204187
289 300 0.6831300510639733
289 301 0.8399210511316161
289 302 0.9770084209183943
289 303 0.5821817364274594
289 304 0.5821817364274594
289 305 0.9304842103984708
289 306 0.5821817364274594
289 19617 1
290 289 0.8131249357707346
290 291 0.960768922830523
290 292 0.9230769230769232
290 293 0.9636241116594315
290 294 0.8998425413316951
290 295 0.9805806756909201
290 296 0.8782753106899461
290 297 0.8996469021204839
290 298 0.9405399431259605
290 299 0.9468641529479987
290 300 0.9209109202723808
290 301 0.9813067629253164
290 302 0.8362420100070908
290 303 0.8561726894780894
290 304 0.8561726894780894
290 305 0.8780541105074453
290 306 0.8561726894780894
290 19617 1
291 289 0.7572401854185359
291 290 0.960768922830523
291 292 0.8807048459279794
291 293 0.9258200997725514
291 294 0.936585811581694
291 295 0.9797958971132713
291 296 0.9141379262169076
291 297 0.8512565307587487
291 298 0.9789450103725611
291 299 0.9097176522946842
291 300 0.9585144756340407
291 301 0.9428090415820634
291 302 0.7833494518006403
291 303 0.8911327886790069
291 304 0.8911327886790069
291 305 0.8268688657895648
291 306 0.8911327886790069
291 19617 1
292 289 0.8987170342729172
292 290 0.9230769230769232
292 291 0.8807048459279794
292 293 0.9636241116594315
292 294 0.8098582871985256
292 295 0.9021342216356465
292 296 0.7858252779857413
292 297 0.981432984131437
292 298 0.8587538611150074
292 299 0.9832820049844603
292 300 0.8332051183416778
292 301 0.9435641951204965
292 302 0.9198662110077999
292 303 0.7610423906471906
292 304 0.7610423906471906
292 305 0.9616783115081544
292 306 0.7610423906471906
292 19617 1
293 289 0.8660254037844387
293 290 0.9636241116594315
293 291 0.9258200997725514
293 292 0.9636241116594315
293 294 0.8671099695241198
293 295 0.944911182523068
293 296 0.8463272660560105
293 297 0.9457324874869207
293 298 0.9063269671749657
293 299 0.9826073688810351
293 300 0.8874119674649422
293 301 0.9819805060619657
293 302 0.8864052604279183
293 303 0.8250286473253901
293 304 0.8250286473253901
293 305 0.9266964086291873
293 306 0.8250286473253901
293 19617 1
294 289 0.6508140266182865
294 290 0.8998425413316951
294 291 0.936585811581694
294 292 0.8098582871985256
294 293 0.8671099695241198
294 295 0.917662935482247
294 296 0.9733285267845753
294 297 0.7653837971759038
294 298 0.9567297464698797
294 299 0.85202864568461
294 300 0.9746794344808963
294 301 0.8830215713766957
294 302 0.6847623832623257
294 303 0.9459053029269171
294 304 0.9459053029269171
294 305 0.7336739820667776
294 306 0.9459053029269171
294 19617 1
295 289 0.7855844048495726
295 290 0.9805806756909201
295 291 0.9797958971132713
295 292 0.9021342216356465
295 293 0.944911182523068
295 294 0.917662935482247
295 296 0.8956685895029604
295 297 0.8757605390397141
295 298 0.9591663046625439
295 299 0.9284766908852593
295 300 0.9391485505499116
295 301 0.9622504486493763
295 302 0.8101627221513196
295 303 0.8731282501307986
295 304 0.8731282501307986
295 305 0.8528028654224417
295 306 0.8731282501307986
295 19617 1
296 289 0.6172133998483678
296 290 0.8782753106899461
296 291 0.9141379262169076
296 292 0.7858252779857413
296 293 0.8463272660560105
296 294 0.9733285267845753
296 295 0.8956685895029604
296 297 0.7372097807744858
296 298 0.9337990556476821
296 299 0.8316074081115763
296 300 0.9486832980505138
296 301 0.8618575020903775
296 302 0.6532745799184878
296 303 0.9718253158075502
296 304 0.9718253158075502
296 305 0.7035264706814485
296 306 0.9718253158075502
296 19617 1
297 289 0.9100315103865803
297 290 0.8996469021204839
297 291 0.8512565307587487
297 292 0.981432984131437
297 293 0.9457324874869207
297 294 0.7653837971759038
297 295 0.8757605390397141
297 296 0.7372097807744858
297 298 0.8260869565217392
297 299 0.9680038658279581
297 300 0.7926290870042667
297 301 0.9229582069908973
297 302 0.9335638713962128
297 303 0.7080104323938432
297 304 0.7080104323938432
297 305 0.9780192938436515
297 306 0.7080104323938432
297 19617 1
298 289 0.7280252083092642
298 290 0.9405399431259605
298 291 0.9789450103725611
298 292 0.8587538611150074
298 293 0.9063269671749657
298 294 0.9567297464698797
298 295 0.9591663046625439
298 296 0.9337990556476821
